37 47 76 45 34 46 82 50 
28 40 75 34 24 33 79 40 
43 57 82 49 39 50 83 57 
54 65 81 58 47 58 81 67 
47 58 76 55 43 57 80 61 
48 58 80 56 44 55 84 63 
40 53 80 51 40 52 84 53 
43 55 82 50 39 52 83 58 
43 55 82 50 39 52 83 58 
60 69 74 62 53 63 80 72 
49 61 83 58 49 59 86 63 
45 57 80 54 43 56 84 58 
49 63 80 57 43 55 79 61 
45 57 80 54 43 56 84 58 
52 65 74 59 48 61 80 64 
50 60 76 60 50 59 79 62 
67 73 79 72 65 78 86 78 
71 76 79 74 69 75 81 79 
68 70 72 65 58 69 82 76 
44 56 80 57 43 57 82 57 
46 60 78 54 42 56 83 61 
48 61 76 56 46 57 79 61 
44 57 78 55 43 56 82 59 
48 63 77 56 46 62 82 60 
