21 49 78 0 0 0 79 17 
14 32 71 0 0 0 83 13 
25 53 82 60 0 0 76 22 
30 65 87 69 0 0 70 75 
19 46 83 0 0 0 77 15 
24 48 87 0 0 0 74 21 
17 43 83 0 0 0 69 67 
4 30 0 0 0 0 67 67 
4 30 0 0 0 0 67 67 
26 52 87 0 0 0 70 21 
4 26 92 0 0 0 62 65 
19 58 0 65 0 0 74 71 
28 60 83 64 0 0 78 20 
19 58 0 65 0 0 74 71 
18 59 76 0 0 0 78 10 
20 43 79 0 0 0 74 14 
13 46 90 0 0 106 67 92 
24 79 83 88 0 67 68 99 
34 59 77 83 0 0 73 26 
20 67 90 0 0 0 77 13 
21 59 86 0 0 0 77 14 
23 52 82 0 0 0 73 18 
20 55 84 0 0 0 76 13 
16 58 85 0 0 0 77 12 
