10 14 75 7 11 0 82 41 
6 20 75 3 4 1 79 26 
27 22 79 63 20 69 82 54 
17 46 77 69 0 77 83 58 
1 26 73 0 10 2 82 44 
5 1 82 8 4 0 82 46 
22 13 83 13 0 0 79 45 
1 1 80 6 0 0 82 42 
1 1 80 6 0 0 82 42 
16 6 71 13 0 0 75 42 
23 13 86 13 0 70 78 50 
12 37 80 5 0 61 83 50 
17 34 76 10 0 69 80 52 
12 37 80 5 0 61 83 50 
6 6 74 12 0 0 76 41 
3 1 77 4 0 0 77 44 
14 4 76 10 0 0 77 44 
39 85 128 98 27 116 125 95 
1 26 76 4 24 1 79 40 
7 26 77 8 0 0 82 44 
2 43 78 67 17 1 83 50 
4 4 76 4 0 0 76 40 
0 32 76 3 28 3 80 43 
7 47 77 0 31 2 85 52 
