17 24 53 24 28 50 35 49 
24 0 65 19 17 34 43 34 
15 21 77 41 44 28 69 27 
24 33 62 39 52 38 26 36 
24 33 63 32 36 53 37 53 
16 23 51 31 38 32 22 31 
20 28 60 34 41 38 73 38 
15 22 70 38 43 31 76 30 
15 22 70 38 43 31 76 30 
20 28 61 34 41 37 25 36 
16 24 58 33 41 29 74 29 
17 24 69 38 47 33 67 32 
20 29 45 25 30 47 32 46 
17 24 69 38 47 33 67 32 
19 25 59 32 36 41 29 44 
27 37 62 34 39 55 39 55 
20 28 57 36 44 31 21 30 
32 45 62 39 52 55 42 59 
25 0 74 31 32 40 28 40 
22 31 71 35 37 45 80 44 
20 29 59 31 36 54 37 53 
34 0 80 33 32 48 34 48 
25 35 52 27 34 52 36 51 
23 32 56 32 38 41 28 40 
