30 20 74 40 32 0 83 53 
24 22 74 30 0 0 80 36 
41 27 79 45 0 73 82 60 
36 20 72 53 0 0 83 69 
30 11 75 42 0 0 80 57 
26 18 70 54 0 0 91 52 
27 19 75 41 0 0 83 51 
24 8 73 48 0 0 81 54 
24 8 73 48 0 0 81 54 
27 13 73 41 0 0 79 53 
26 15 74 40 0 0 83 57 
37 25 73 45 37 0 83 60 
36 24 83 40 0 0 79 59 
37 25 73 45 37 0 83 60 
40 30 71 55 42 0 87 60 
24 7 74 44 0 0 83 62 
29 17 67 44 0 0 84 56 
54 89 66 69 47 75 87 88 
19 8 77 39 0 0 80 52 
41 24 80 55 0 0 85 64 
36 21 82 48 0 0 83 64 
28 11 74 47 0 0 83 62 
29 13 80 41 0 95 80 59 
29 8 79 47 0 0 83 62 
