33 23 78 37 27 37 78 56 
26 19 60 19 20 31 68 40 
40 26 71 40 32 46 75 59 
52 32 75 49 38 53 81 76 
40 16 77 44 36 49 78 66 
44 33 76 47 41 55 80 66 
40 30 67 38 35 48 75 59 
44 28 76 42 35 47 74 65 
44 28 76 42 35 47 74 65 
46 28 76 42 33 43 73 67 
40 28 73 44 37 50 76 63 
41 23 84 49 37 48 80 64 
39 27 57 28 34 51 64 57 
41 23 84 49 37 48 80 64 
44 31 73 38 35 47 68 60 
49 24 77 47 37 49 72 70 
42 29 70 44 38 52 77 66 
52 93 73 65 60 69 83 85 
35 14 76 46 37 49 77 63 
42 24 78 49 39 49 75 68 
42 28 80 46 35 46 78 65 
43 20 77 48 40 55 80 69 
41 24 80 45 35 46 75 64 
48 30 79 40 40 55 67 65 
