9 26 52 0 0 0 27 9 
16 30 49 0 0 0 69 17 
27 78 50 60 0 0 51 25 
30 57 39 61 0 0 64 26 
19 43 53 0 0 0 46 19 
13 49 43 0 0 0 24 11 
24 49 52 56 0 0 71 25 
23 52 48 61 0 0 56 22 
23 52 48 61 0 0 56 22 
20 42 51 0 0 0 40 18 
23 75 47 59 0 0 56 23 
25 55 41 57 51 0 83 23 
15 44 49 0 0 0 31 14 
25 55 41 57 51 0 83 23 
21 62 44 65 0 0 42 17 
24 54 51 70 0 0 53 23 
27 74 47 66 0 0 66 27 
39 63 43 61 0 0 75 37 
17 43 56 0 0 0 43 16 
25 51 47 67 0 0 86 29 
16 47 52 0 0 0 37 15 
19 75 49 67 0 0 35 16 
15 45 55 0 0 0 37 13 
20 52 61 0 0 0 43 18 
