19 40 78 39 17 48 80 52  
14 34 75 28 10 33 80 38 
16 53 82 46 13 56 84 63 
18 65 79 53 13 67 83 75 
13 58 76 48 8 57 82 65 
14 52 83 49 17 53 85 60 
6 45 80 43 6 50 84 53 
22 61 80 54 18 56 84 64 
22 61 80 54 18 56 84 64 
18 51 77 36 14 56 80 66 
18 48 83 40 9 57 84 66 
19 55 82 54 13 63 82 67 
29 56 80 48 23 58 78 65 
19 55 82 54 13 63 82 67 
20 52 74 49 19 56 80 64 
17 60 76 55 10 57 82 67 
15 51 80 48 15 62 84 66 
38 82 75 79 36 83 83 87 
15 56 79 52 12 55 80 61 
20 60 77 52 14 57 83 65 
19 59 80 52 15 58 82 63 
18 58 79 48 15 60 77 69 
21 51 79 49 21 60 80 60 
22 65 79 56 18 68 83 68 
