34 45 75 50 31 22 82 46 
26 38 63 34 24 21 74 26 
37 53 72 55 39 29 79 47 
46 60 73 65 48 37 87 60 
39 52 75 62 39 19 81 53 
44 58 79 59 40 31 80 50 
41 55 69 54 38 32 79 48 
37 50 71 61 43 33 86 48 
37 50 71 61 43 33 86 48 
36 47 68 58 39 27 83 48 
41 53 70 57 37 29 83 50 
38 53 82 62 40 24 86 51 
38 54 61 52 37 28 66 32 
38 53 82 62 40 24 86 51 
38 51 64 56 43 29 73 42 
43 54 71 62 43 27 81 55 
43 54 73 61 41 33 79 50 
64 71 81 79 54 91 79 68 
38 50 73 61 38 19 81 50 
42 50 75 59 40 27 84 55 
38 51 75 60 41 30 86 54 
43 58 73 63 46 33 86 55 
38 53 73 60 39 27 86 54 
41 58 67 63 46 27 84 44 
